import numpy as np
import matplotlib.pyplot as plt

e222_2 = [[256, 1.61e-5], [192,1.31e-5], [96,1.47e-5], [60,1.10e-4], [32, 4.90e-4], [16,2.01e-3], [9, 8.27e-3],[5,3.55e-2]]

  
